camera_matrix:
- [825.4921584323178, 0.0, 311.47287068881707]
- [0.0, 827.1130184088247, 235.0798827379548]
- [0.0, 0.0, 1.0]
dist_coeff:
- [0.13979701402456254, -2.354792439031638, -0.014836542870542268, -0.008851542012928593,
  17.89718875314292]
