camera_matrix:
- [643.8100207135782, 0.0, 317.87972783519126]
- [0.0, 642.693858283779, 291.2131704919417]
- [0.0, 0.0, 1.0]
dist_coeff:
- [0.053722812845139384, -0.99145729413699, -0.004553916767090842, -0.0007726122014827671,
  3.717960568517294]
