camera_matrix:
- [811.9243333922602, 0.0, 331.06180771347437]
- [0.0, 814.9930580527458, 257.8708659753614]
- [0.0, 0.0, 1.0]
dist_coeff:
- [0.07430516822731839, -0.7723905488439414, -0.0022357089638723143, -0.0007690684138538004,
  11.292416406578273]
